1.00,35.00,12.00,5.00 ,1.00,100.00,0.00
1.00,29.00,7.00 ,5.00 ,1.00,96.00 ,1.00
1.00,50.00,8.00 ,1.00 ,3.00,132.00,0.00
1.00,32.00,11.75,7.00 ,3.00,750.00,0.00
1.00,67.00,9.25 ,1.00 ,1.00,42.00 ,0.00
1.00,41.00,8.00 ,2.00 ,2.00,20.00 ,1.00
1.00,36.00,11.00,2.00 ,1.00,8.00  ,0.00
1.00,59.00,3.50 ,3.00 ,3.00,20.00 ,0.00
1.00,20.00,4.50 ,12.00,1.00,6.00  ,1.00
2.00,34.00,11.25,3.00 ,3.00,150.00,0.00
2.00,21.00,10.75,5.00 ,1.00,35.00 ,0.00
2.00,15.00,6.00 ,2.00 ,1.00,30.00 ,1.00
2.00,15.00,2.00 ,3.00 ,1.00,4.00  ,1.00
2.00,15.00,3.75 ,2.00 ,3.00,70.00 ,1.00
2.00,17.00,11.00,2.00 ,1.00,10.00 ,0.00
2.00,17.00,5.25 ,3.00 ,1.00,63.00 ,1.00
2.00,23.00,11.75,12.00,3.00,72.00 ,0.00
2.00,27.00,8.75 ,2.00 ,1.00,6.00  ,0.00
2.00,15.00,4.25 ,1.00 ,1.00,6.00  ,1.00
2.00,18.00,5.75 ,1.00 ,1.00,80.00 ,1.00
1.00,22.00,5.50 ,2.00 ,1.00,70.00 ,1.00
2.00,16.00,8.50 ,1.00 ,2.00,60.00 ,1.00
1.00,28.00,4.75 ,3.00 ,1.00,100.00,1.00
2.00,40.00,9.75 ,1.00 ,2.00,80.00 ,0.00
1.00,30.00,2.50 ,2.00 ,1.00,115.00,1.00
2.00,34.00,12.00,3.00 ,3.00,95.00 ,0.00
1.00,20.00,0.50 ,2.00 ,1.00,75.00 ,1.00
2.00,35.00,12.00,5.00 ,3.00,100.00,0.00
2.00,24.00,9.50 ,3.00 ,3.00,20.00 ,0.00
2.00,19.00,8.75 ,6.00 ,1.00,160.00,1.00
1.00,35.00,9.25 ,9.00 ,1.00,100.00,1.00
1.00,29.00,7.25 ,6.00 ,1.00,96.00 ,1.00
1.00,50.00,8.75 ,11.00,3.00,132.00,0.00
2.00,32.00,12.00,4.00 ,3.00,750.00,0.00
2.00,67.00,12.00,12.00,3.00,42.00 ,0.00
2.00,41.00,10.50,2.00 ,2.00,20.00 ,1.00
2.00,36.00,11.00,6.00 ,1.00,8.00  ,0.00
1.00,63.00,2.75 ,3.00 ,3.00,20.00 ,0.00
1.00,20.00,5.00 ,3.00 ,1.00,6.00  ,1.00
1.00,34.00,12.00,1.00 ,3.00,150.00,0.00
2.00,21.00,10.50,5.00 ,1.00,35.00 ,0.00
2.00,15.00,8.00 ,12.00,1.00,30.00 ,1.00
1.00,15.00,3.50 ,2.00 ,1.00,4.00  ,1.00
2.00,15.00,1.50 ,12.00,3.00,70.00 ,1.00
1.00,17.00,11.50,2.00 ,1.00,10.00 ,0.00
1.00,17.00,5.25 ,4.00 ,1.00,63.00 ,1.00
2.00,23.00,9.50 ,5.00 ,3.00,72.00 ,0.00
1.00,27.00,10.00,5.00 ,1.00,6.00  ,0.00
1.00,15.00,4.00 ,7.00 ,1.00,6.00  ,1.00
2.00,18.00,4.50 ,8.00 ,1.00,80.00 ,1.00
2.00,22.00,5.00 ,9.00 ,1.00,70.00 ,1.00
1.00,16.00,10.25,3.00 ,2.00,60.00 ,1.00
2.00,28.00,4.00 ,11.00,1.00,100.00,1.00
2.00,40.00,8.75 ,6.00 ,2.00,80.00 ,0.00
2.00,30.00,0.50 ,8.00 ,3.00,115.00,1.00
1.00,34.00,10.75,1.00 ,3.00,95.00 ,0.00
1.00,20.00,3.75 ,11.00,1.00,75.00 ,1.00
2.00,35.00,8.50 ,6.00 ,3.00,100.00,0.00
1.00,24.00,9.50 ,8.00 ,1.00,20.00 ,1.00
2.00,19.00,8.00 ,9.00 ,1.00,160.00,1.00
1.00,35.00,7.25 ,2.00 ,1.00,100.00,1.00
1.00,29.00,11.75,5.00 ,1.00,96.00 ,0.00
2.00,50.00,9.50 ,4.00 ,3.00,132.00,0.00
2.00,32.00,12.00,12.00,3.00,750.00,0.00
1.00,67.00,10.00,7.00 ,1.00,42.00 ,0.00
2.00,41.00,7.75 ,5.00 ,2.00,20.00 ,1.00
2.00,36.00,10.50,4.00 ,1.00,8.00  ,0.00
1.00,67.00,3.75 ,11.00,3.00,20.00 ,0.00
1.00,20.00,4.00 ,3.00 ,1.00,6.00  ,1.00
1.00,34.00,11.25,1.00 ,3.00,150.00,0.00
2.00,21.00,10.75,7.00 ,1.00,35.00 ,0.00
1.00,15.00,10.50,11.00,1.00,30.00 ,1.00
1.00,15.00,2.00 ,11.00,1.00,4.00  ,1.00
2.00,15.00,2.00 ,10.00,3.00,70.00 ,1.00
1.00,17.00,9.25 ,12.00,1.00,10.00 ,0.00
1.00,17.00,5.75 ,10.00,1.00,63.00 ,1.00
1.00,23.00,10.25,7.00 ,3.00,72.00 ,0.00
1.00,27.00,10.50,7.00 ,1.00,6.00  ,0.00
1.00,15.00,5.50 ,5.00 ,1.00,6.00  ,1.00
1.00,18.00,4.00 ,1.00 ,1.00,80.00 ,1.00
2.00,22.00,4.50 ,2.00 ,1.00,70.00 ,1.00
1.00,16.00,11.00,3.00 ,2.00,60.00 ,1.00
2.00,28.00,5.00 ,9.00 ,1.00,100.00,1.00
1.00,40.00,11.50,9.00 ,2.00,80.00 ,0.00
1.00,30.00,0.25 ,10.00,1.00,115.00,1.00
2.00,34.00,12.00,3.00 ,3.00,95.00 ,0.00
2.00,20.00,3.50 ,6.00 ,1.00,75.00 ,1.00
2.00,35.00,8.25 ,8.00 ,3.00,100.00,0.00
1.00,24.00,10.75,10.00,1.00,20.00 ,1.00
1.00,19.00,8.00 ,8.00 ,1.00,160.00,1.00
